246.0 179.0
245.5 182.5
251.0 187.0
258.5 190.5
270.0 194.0
285.5 197.5
303.5 195.5
319.5 194.5
337.0 190.0
355.5 183.5
373.5 178.5
392.0 171.0
406.0 168.0
417.5 165.5
430.5 165.5
446.0 168.0
460.5 173.5
477.0 178.0
489.5 185.5
503.0 194.0
513.5 199.5
518.0 212.0
521.0 221.0
517.0 232.0
514.0 240.0
505.0 248.0
486.5 252.5
475.5 257.5
461.0 264.0
444.0 268.0
425.0 272.0
404.0 274.0
365.5 273.5
349.0 273.0
336.5 271.5
322.0 269.0
311.5 262.5
303.0 253.0
289.5 241.5
284.5 232.5
268.5 220.5
257.5 215.5
244.5 210.5
237.0 205.0
229.0 198.0
220.0 196.0
213.5 193.5
209.5 192.5
208.0 195.0
206.0 195.0
209.0 196.0
209.5 201.5
211.0 204.0
215.0 210.0
